Weights:
w[0] = 0.0420094
w[1] = 0.0197191
w[2] = 0.039155
w[3] = 0.039922
w[4] = 0.0455824
w[5] = 0.00987757
w[6] = 0.0167611
w[7] = 0.0384115
w[8] = 0.0138887
w[9] = 0.0276985

Gradients:
g[0] = 0
g[1] = 0
g[2] = 0
g[3] = 0
g[4] = 0
g[5] = 0
g[6] = 0
g[7] = 0
g[8] = 0
g[9] = 0

Cell Areas:
area[0] = 0.0665409
area[1] = 0.267388
area[2] = 0.096135
area[3] = 0.129555
area[4] = 0.0410469
area[5] = 0.161984
area[6] = 0.0392788
area[7] = 0.0494083
area[8] = 0.0594394
area[9] = 0.0892243
